date,period,value,field,symbol
2014-04-25,201401,0.026612,YOYLiability,sh600423
2014-04-25,201401,0.695881,liabilityToAsset,sh600423
2014-04-25,201401,3.288187,assetToEquity,sh600423
2014-04-25,201401,0.119105,CFOToOR,sh600423
2014-04-25,201401,,CFOToNP,sh600423
2014-04-25,201401,0.119105,CFOToGr,sh600423
2014-04-25,201401,-0.119903,YOYEquity,sh600423
2014-04-25,201401,-0.449268,YOYNI,sh600423
2014-04-25,201401,-0.25,YOYEPSBasic,sh600423
2014-04-25,201401,-0.486281,YOYPNI,sh600423
2014-04-25,201401,-0.015801,roeAvg,sh600423
2014-04-25,201401,-0.03175,npMargin,sh600423
2014-04-25,201401,-21518329.56,netProfit,sh600423
2014-04-25,201401,-0.389823,epsTTM,sh600423
2014-04-25,201401,,MBRevenue,sh600423
2014-04-25,201401,399347513.0,totalShare,sh600423
2014-04-25,201401,399347513.0,liqaShare,sh600423
2014-04-25,201401,-0.015801,dupontROE,sh600423
2014-04-25,201401,3.306357,dupontAssetStoEquity,sh600423
2014-04-25,201401,0.155044,dupontAssetTurn,sh600423
2014-04-25,201401,0.970809,dupontPnitoni,sh600423
2014-04-25,201401,-0.03175,dupontNitogr,sh600423
2014-04-25,201401,1.0,dupontTaxBurden,sh600423
2014-04-25,201401,0.155044,AssetTurnRatio,sh600423
2015-04-30,201501,0.402083,YOYLiability,sh600423
2015-04-30,201501,0.77354,liabilityToAsset,sh600423
2015-04-30,201501,4.415794,assetToEquity,sh600423
2015-04-30,201501,0.117436,CFOToOR,sh600423
2015-04-30,201501,,CFOToNP,sh600423
2015-04-30,201501,0.117436,CFOToGr,sh600423
2015-04-30,201501,-0.033248,YOYEquity,sh600423
2015-04-30,201501,-1.237292,YOYNI,sh600423
2015-04-30,201501,-1.25,YOYEPSBasic,sh600423
2015-04-30,201501,-1.331048,YOYPNI,sh600423
2015-04-30,201501,-0.027182,roeAvg,sh600423
2015-04-30,201501,-0.056268,npMargin,sh600423
2015-04-30,201501,-34940433.21,netProfit,sh600423
2015-04-30,201501,-0.027945,epsTTM,sh600423
2015-04-30,201501,,MBRevenue,sh600423
2015-04-30,201501,399347513.0,totalShare,sh600423
2015-04-30,201501,399347513.0,liqaShare,sh600423
2015-04-30,201501,-0.027182,dupontROE,sh600423
2015-04-30,201501,4.253669,dupontAssetStoEquity,sh600423
2015-04-30,201501,0.113569,dupontAssetTurn,sh600423
2015-04-30,201501,1.0,dupontPnitoni,sh600423
2015-04-30,201501,-0.056268,dupontNitogr,sh600423
2015-04-30,201501,1.02319,dupontTaxBurden,sh600423
2015-04-30,201501,0.113569,AssetTurnRatio,sh600423
2016-04-30,201601,-0.090897,YOYLiability,sh600423
2016-04-30,201601,0.849115,liabilityToAsset,sh600423
2016-04-30,201601,6.627575,assetToEquity,sh600423
2016-04-30,201601,0.185395,CFOToOR,sh600423
2016-04-30,201601,,CFOToNP,sh600423
2016-04-30,201601,0.185395,CFOToGr,sh600423
2016-04-30,201601,-0.448198,YOYEquity,sh600423
2016-04-30,201601,-0.64304,YOYNI,sh600423
2016-04-30,201601,-0.692308,YOYEPSBasic,sh600423
2016-04-30,201601,-0.64304,YOYPNI,sh600423
2016-04-30,201601,-0.118908,roeAvg,sh600423
2016-04-30,201601,-0.166739,npMargin,sh600423
2016-04-30,201601,-88402323.96,netProfit,sh600423
2016-04-30,201601,-1.302501,epsTTM,sh600423
2016-04-30,201601,,MBRevenue,sh600423
2016-04-30,201601,399347513.0,totalShare,sh600423
2016-04-30,201601,399347513.0,liqaShare,sh600423
2016-04-30,201601,-0.118908,dupontROE,sh600423
2016-04-30,201601,6.339598,dupontAssetStoEquity,sh600423
2016-04-30,201601,0.112489,dupontAssetTurn,sh600423
2016-04-30,201601,1.0,dupontPnitoni,sh600423
2016-04-30,201601,-0.166739,dupontNitogr,sh600423
2016-04-30,201601,1.000025,dupontTaxBurden,sh600423
2016-04-30,201601,0.112489,AssetTurnRatio,sh600423
2017-04-29,201701,-0.054145,YOYLiability,sh600423
2017-04-29,201701,0.994948,liabilityToAsset,sh600423
2017-04-29,201701,197.954111,assetToEquity,sh600423
2017-04-29,201701,0.285193,CFOToOR,sh600423
2017-04-29,201701,2.766591,CFOToNP,sh600423
2017-04-29,201701,0.285193,CFOToGr,sh600423
2017-04-29,201701,-0.972974,YOYEquity,sh600423
2017-04-29,201701,1.460241,YOYNI,sh600423
2017-04-29,201701,1.454545,YOYEPSBasic,sh600423
2017-04-29,201701,1.460241,YOYPNI,sh600423
2017-04-29,201701,,roeAvg,sh600423
2017-04-29,201701,0.103085,npMargin,sh600423
2017-04-29,201701,40686338.82,netProfit,sh600423
2017-04-29,201701,-1.720685,epsTTM,sh600423
2017-04-29,201701,,MBRevenue,sh600423
2017-04-29,201701,399347513.0,totalShare,sh600423
2017-04-29,201701,399347513.0,liqaShare,sh600423
2017-04-29,201701,,dupontROE,sh600423
2017-04-29,201701,,dupontAssetStoEquity,sh600423
2017-04-29,201701,0.106056,dupontAssetTurn,sh600423
2017-04-29,201701,1.0,dupontPnitoni,sh600423
2017-04-29,201701,0.103085,dupontNitogr,sh600423
2017-04-29,201701,1.0,dupontTaxBurden,sh600423
2017-04-29,201701,0.106056,AssetTurnRatio,sh600423
2018-04-28,201801,-0.134174,YOYLiability,sh600423
2018-04-28,201801,0.984977,liabilityToAsset,sh600423
2018-04-28,201801,66.565322,assetToEquity,sh600423
2018-04-28,201801,0.010638,CFOToOR,sh600423
2018-04-28,201801,0.687831,CFOToNP,sh600423
2018-04-28,201801,0.010638,CFOToGr,sh600423
2018-04-28,201801,1.600886,YOYEquity,sh600423
2018-04-28,201801,-0.801138,YOYNI,sh600423
2018-04-28,201801,-0.8,YOYEPSBasic,sh600423
2018-04-28,201801,-0.801138,YOYPNI,sh600423
2018-04-28,201801,0.184253,roeAvg,sh600423
2018-04-28,201801,0.015466,npMargin,sh600423
2018-04-28,201801,8090953.33,netProfit,sh600423
2018-04-28,201801,0.072509,epsTTM,sh600423
2018-04-28,201801,,MBRevenue,sh600423
2018-04-28,201801,399347513.0,totalShare,sh600423
2018-04-28,201801,399347513.0,liqaShare,sh600423
2018-04-28,201801,0.184253,dupontROE,sh600423
2018-04-28,201801,73.761431,dupontAssetStoEquity,sh600423
2018-04-28,201801,0.161511,dupontAssetTurn,sh600423
2018-04-28,201801,1.0,dupontPnitoni,sh600423
2018-04-28,201801,0.015466,dupontNitogr,sh600423
2018-04-28,201801,1.0,dupontTaxBurden,sh600423
2018-04-28,201801,0.161511,AssetTurnRatio,sh600423
2019-04-13,201901,-0.872186,YOYLiability,sh600423
2019-04-13,201901,0.166884,liabilityToAsset,sh600423
2019-04-13,201901,1.200313,assetToEquity,sh600423
2019-04-13,201901,-0.312337,CFOToOR,sh600423
2019-04-13,201901,,CFOToNP,sh600423
2019-04-13,201901,-0.312337,CFOToGr,sh600423
2019-04-13,201901,41.250126,YOYEquity,sh600423
2019-04-13,201901,-14.65834,YOYNI,sh600423
2019-04-13,201901,-8.0,YOYEPSBasic,sh600423
2019-04-13,201901,-14.346072,YOYPNI,sh600423
2019-04-13,201901,-0.050609,roeAvg,sh600423
2019-04-13,201901,-0.511345,npMargin,sh600423
2019-04-13,201901,-110508989.34,netProfit,sh600423
2019-04-13,201901,0.343347,epsTTM,sh600423
2019-04-13,201901,,MBRevenue,sh600423
2019-04-13,201901,798695026.0,totalShare,sh600423
2019-04-13,201901,798695026.0,liqaShare,sh600423
2019-04-13,201901,-0.050609,dupontROE,sh600423
2019-04-13,201901,1.221522,dupontAssetStoEquity,sh600423
2019-04-13,201901,0.082919,dupontAssetTurn,sh600423
2019-04-13,201901,0.977137,dupontPnitoni,sh600423
2019-04-13,201901,-0.511345,dupontNitogr,sh600423
2019-04-13,201901,1.0,dupontTaxBurden,sh600423
2019-04-13,201901,0.082919,AssetTurnRatio,sh600423
2020-04-30,202001,-0.763947,YOYLiability,sh600423
2020-04-30,202001,0.20411,liabilityToAsset,sh600423
2020-04-30,202001,1.256456,assetToEquity,sh600423
2020-04-30,202001,-5.563975,CFOToOR,sh600423
2020-04-30,202001,-1078.918053,CFOToNP,sh600423
2020-04-30,202001,-5.563975,CFOToGr,sh600423
2020-04-30,202001,-0.817433,YOYEquity,sh600423
2020-04-30,202001,1.001005,YOYNI,sh600423
2020-04-30,202001,,YOYEPSBasic,sh600423
2020-04-30,202001,1.001029,YOYPNI,sh600423
2020-04-30,202001,0.000293,roeAvg,sh600423
2020-04-30,202001,0.005157,npMargin,sh600423
2020-04-30,202001,111083.26,netProfit,sh600423
2020-04-30,202001,-2.202236,epsTTM,sh600423
2020-04-30,202001,,MBRevenue,sh600423
2020-04-30,202001,798695026.0,totalShare,sh600423
2020-04-30,202001,798695026.0,liqaShare,sh600423
2020-04-30,202001,0.000293,dupontROE,sh600423
2020-04-30,202001,1.409759,dupontAssetStoEquity,sh600423
2020-04-30,202001,0.040275,dupontAssetTurn,sh600423
2020-04-30,202001,1.0,dupontPnitoni,sh600423
2020-04-30,202001,0.005157,dupontNitogr,sh600423
2020-04-30,202001,1.0,dupontTaxBurden,sh600423
2020-04-30,202001,0.040275,AssetTurnRatio,sh600423
2021-04-29,202101,-0.232318,YOYLiability,sh600423
2021-04-29,202101,0.15576,liabilityToAsset,sh600423
2021-04-29,202101,1.184497,assetToEquity,sh600423
2021-04-29,202101,0.331099,CFOToOR,sh600423
2021-04-29,202101,0.818079,CFOToNP,sh600423
2021-04-29,202101,0.331099,CFOToGr,sh600423
2021-04-29,202101,0.067098,YOYEquity,sh600423
2021-04-29,202101,104.399754,YOYNI,sh600423
2021-04-29,202101,,YOYEPSBasic,sh600423
2021-04-29,202101,104.399754,YOYPNI,sh600423
2021-04-29,202101,0.029351,roeAvg,sh600423
2021-04-29,202101,0.404727,npMargin,sh600423
2021-04-29,202101,11708148.33,netProfit,sh600423
2021-04-29,202101,0.030442,epsTTM,sh600423
2021-04-29,202101,,MBRevenue,sh600423
2021-04-29,202101,798695026.0,totalShare,sh600423
2021-04-29,202101,798695026.0,liqaShare,sh600423
2021-04-29,202101,0.029351,dupontROE,sh600423
2021-04-29,202101,1.189455,dupontAssetStoEquity,sh600423
2021-04-29,202101,0.060969,dupontAssetTurn,sh600423
2021-04-29,202101,1.0,dupontPnitoni,sh600423
2021-04-29,202101,0.404727,dupontNitogr,sh600423
2021-04-29,202101,1.0,dupontTaxBurden,sh600423
2021-04-29,202101,0.060969,AssetTurnRatio,sh600423
2022-04-30,202201,-0.128568,YOYLiability,sh600423
2022-04-30,202201,0.132604,liabilityToAsset,sh600423
2022-04-30,202201,1.152876,assetToEquity,sh600423
2022-04-30,202201,0.194112,CFOToOR,sh600423
2022-04-30,202201,1.93308,CFOToNP,sh600423
2022-04-30,202201,0.194112,CFOToGr,sh600423
2022-04-30,202201,0.051679,YOYEquity,sh600423
2022-04-30,202201,-0.715343,YOYNI,sh600423
2022-04-30,202201,-0.733333,YOYEPSBasic,sh600423
2022-04-30,202201,-0.715343,YOYPNI,sh600423
2022-04-30,202201,0.007857,roeAvg,sh600423
2022-04-30,202201,0.100416,npMargin,sh600423
2022-04-30,202201,3332803.57,netProfit,sh600423
2022-04-30,202201,0.025591,epsTTM,sh600423
2022-04-30,202201,,MBRevenue,sh600423
2022-04-30,202201,798695026.0,totalShare,sh600423
2022-04-30,202201,798695026.0,liqaShare,sh600423
2022-04-30,202201,0.007857,dupontROE,sh600423
2022-04-30,202201,1.150577,dupontAssetStoEquity,sh600423
2022-04-30,202201,0.068007,dupontAssetTurn,sh600423
2022-04-30,202201,1.0,dupontPnitoni,sh600423
2022-04-30,202201,0.100416,dupontNitogr,sh600423
2022-04-30,202201,1.0,dupontTaxBurden,sh600423
2022-04-30,202201,0.068007,AssetTurnRatio,sh600423
2014-08-15,201402,0.491394,YOYLiability,sh600423
2014-08-15,201402,0.762016,liabilityToAsset,sh600423
2014-08-15,201402,4.201969,assetToEquity,sh600423
2014-08-15,201402,0.243265,CFOToOR,sh600423
2014-08-15,201402,,CFOToNP,sh600423
2014-08-15,201402,0.243265,CFOToGr,sh600423
2014-08-15,201402,-0.118661,YOYEquity,sh600423
2014-08-15,201402,-0.047476,YOYNI,sh600423
2014-08-15,201402,-0.25,YOYEPSBasic,sh600423
2014-08-15,201402,-0.170435,YOYPNI,sh600423
2014-08-15,201402,-0.014437,roeAvg,sh600423
2014-08-15,201402,-0.012491,npMargin,sh600423
2014-08-15,201402,-18859618.52,netProfit,sh600423
2014-08-15,201402,-0.379585,epsTTM,sh600423
2014-08-15,201402,1440250895.06,MBRevenue,sh600423
2014-08-15,201402,399347513.0,totalShare,sh600423
2014-08-15,201402,399347513.0,liqaShare,sh600423
2014-08-15,201402,-0.014437,dupontROE,sh600423
2014-08-15,201402,3.705994,dupontAssetStoEquity,sh600423
2014-08-15,201402,0.311872,dupontAssetTurn,sh600423
2014-08-15,201402,1.0,dupontPnitoni,sh600423
2014-08-15,201402,-0.012491,dupontNitogr,sh600423
2014-08-15,201402,1.1914,dupontTaxBurden,sh600423
2014-08-15,201402,0.311872,AssetTurnRatio,sh600423
2015-08-29,201502,-0.017169,YOYLiability,sh600423
2015-08-29,201502,0.772419,liabilityToAsset,sh600423
2015-08-29,201502,4.394034,assetToEquity,sh600423
2015-08-29,201502,0.078239,CFOToOR,sh600423
2015-08-29,201502,,CFOToNP,sh600423
2015-08-29,201502,0.078239,CFOToGr,sh600423
2015-08-29,201502,-0.072786,YOYEquity,sh600423
2015-08-29,201502,-4.154177,YOYNI,sh600423
2015-08-29,201502,-3.8,YOYEPSBasic,sh600423
2015-08-29,201502,-4.154177,YOYPNI,sh600423
2015-08-29,201502,-0.078086,roeAvg,sh600423
2015-08-29,201502,-0.07166,npMargin,sh600423
2015-08-29,201502,-97205807.29,netProfit,sh600423
2015-08-29,201502,-0.17417,epsTTM,sh600423
2015-08-29,201502,1345664982.1,MBRevenue,sh600423
2015-08-29,201502,399347513.0,totalShare,sh600423
2015-08-29,201502,399347513.0,liqaShare,sh600423
2015-08-29,201502,-0.078086,dupontROE,sh600423
2015-08-29,201502,4.238013,dupontAssetStoEquity,sh600423
2015-08-29,201502,0.257117,dupontAssetTurn,sh600423
2015-08-29,201502,1.0,dupontPnitoni,sh600423
2015-08-29,201502,-0.07166,dupontNitogr,sh600423
2015-08-29,201502,0.96507,dupontTaxBurden,sh600423
2015-08-29,201502,0.257117,AssetTurnRatio,sh600423
2016-08-10,201602,-0.001123,YOYLiability,sh600423
2016-08-10,201602,0.879876,liabilityToAsset,sh600423
2016-08-10,201602,8.324711,assetToEquity,sh600423
2016-08-10,201602,0.176862,CFOToOR,sh600423
2016-08-10,201602,,CFOToNP,sh600423
2016-08-10,201602,0.176862,CFOToGr,sh600423
2016-08-10,201602,-0.537153,YOYEquity,sh600423
2016-08-10,201602,-0.797676,YOYNI,sh600423
2016-08-10,201602,-0.818182,YOYEPSBasic,sh600423
2016-08-10,201602,-0.797676,YOYPNI,sh600423
2016-08-10,201602,-0.358293,roeAvg,sh600423
2016-08-10,201602,-0.213679,npMargin,sh600423
2016-08-10,201602,-239438323.92,netProfit,sh600423
2016-08-10,201602,-1.481911,epsTTM,sh600423
2016-08-10,201602,1103452104.96,MBRevenue,sh600423
2016-08-10,201602,399347513.0,totalShare,sh600423
2016-08-10,201602,399347513.0,liqaShare,sh600423
2016-08-10,201602,-0.358293,dupontROE,sh600423
2016-08-10,201602,7.00489,dupontAssetStoEquity,sh600423
2016-08-10,201602,0.239373,dupontAssetTurn,sh600423
2016-08-10,201602,1.0,dupontPnitoni,sh600423
2016-08-10,201602,-0.213679,dupontNitogr,sh600423
2016-08-10,201602,1.009712,dupontTaxBurden,sh600423
2016-08-10,201602,0.239373,AssetTurnRatio,sh600423
2017-08-10,201702,-0.125044,YOYLiability,sh600423
2017-08-10,201702,1.031412,liabilityToAsset,sh600423
2017-08-10,201702,,assetToEquity,sh600423
2017-08-10,201702,0.189188,CFOToOR,sh600423
2017-08-10,201702,,CFOToNP,sh600423
2017-08-10,201702,0.189188,CFOToGr,sh600423
2017-08-10,201702,-1.195185,YOYEquity,sh600423
2017-08-10,201702,0.632821,YOYNI,sh600423
2017-08-10,201702,0.633333,YOYEPSBasic,sh600423
2017-08-10,201702,0.632821,YOYPNI,sh600423
2017-08-10,201702,,roeAvg,sh600423
2017-08-10,201702,-0.099429,npMargin,sh600423
2017-08-10,201702,-87916820.03,netProfit,sh600423
2017-08-10,201702,-1.664511,epsTTM,sh600423
2017-08-10,201702,872856669.99,MBRevenue,sh600423
2017-08-10,201702,399347513.0,totalShare,sh600423
2017-08-10,201702,399347513.0,liqaShare,sh600423
2017-08-10,201702,,dupontROE,sh600423
2017-08-10,201702,,dupontAssetStoEquity,sh600423
2017-08-10,201702,0.24861,dupontAssetTurn,sh600423
2017-08-10,201702,1.0,dupontPnitoni,sh600423
2017-08-10,201702,-0.099429,dupontNitogr,sh600423
2017-08-10,201702,1.0,dupontTaxBurden,sh600423
2017-08-10,201702,0.24861,AssetTurnRatio,sh600423
2018-08-16,201802,-0.103912,YOYLiability,sh600423
2018-08-16,201802,0.99469,liabilityToAsset,sh600423
2018-08-16,201802,188.315724,assetToEquity,sh600423
2018-08-16,201802,0.071084,CFOToOR,sh600423
2018-08-16,201802,,CFOToNP,sh600423
2018-08-16,201802,0.071084,CFOToGr,sh600423
2018-08-16,201802,1.157075,YOYEquity,sh600423
2018-08-16,201802,0.711923,YOYNI,sh600423
2018-08-16,201802,0.727273,YOYEPSBasic,sh600423
2018-08-16,201802,0.711923,YOYPNI,sh600423
2018-08-16,201802,-0.913015,roeAvg,sh600423
2018-08-16,201802,-0.022887,npMargin,sh600423
2018-08-16,201802,-25326799.7,netProfit,sh600423
2018-08-16,201802,0.310861,epsTTM,sh600423
2018-08-16,201802,1098595694.38,MBRevenue,sh600423
2018-08-16,201802,399347513.0,totalShare,sh600423
2018-08-16,201802,399347513.0,liqaShare,sh600423
2018-08-16,201802,-0.913015,dupontROE,sh600423
2018-08-16,201802,114.924292,dupontAssetStoEquity,sh600423
2018-08-16,201802,0.347118,dupontAssetTurn,sh600423
2018-08-16,201802,1.0,dupontPnitoni,sh600423
2018-08-16,201802,-0.022887,dupontNitogr,sh600423
2018-08-16,201802,1.0,dupontTaxBurden,sh600423
2018-08-16,201802,0.347118,AssetTurnRatio,sh600423
2019-08-16,201902,-0.897552,YOYLiability,sh600423
2019-08-16,201902,0.143944,liabilityToAsset,sh600423
2019-08-16,201902,1.168148,assetToEquity,sh600423
2019-08-16,201902,-0.356206,CFOToOR,sh600423
2019-08-16,201902,,CFOToNP,sh600423
2019-08-16,201902,-0.356206,CFOToGr,sh600423
2019-08-16,201902,114.467877,YOYEquity,sh600423
2019-08-16,201902,-8.725154,YOYNI,sh600423
2019-08-16,201902,-4.0,YOYEPSBasic,sh600423
2019-08-16,201902,-8.538471,YOYPNI,sh600423
2019-08-16,201902,-0.11687,roeAvg,sh600423
2019-08-16,201902,-0.954819,npMargin,sh600423
2019-08-16,201902,-246307019.09,netProfit,sh600423
2019-08-16,201902,0.217919,epsTTM,sh600423
2019-08-16,201902,253560656.13,MBRevenue,sh600423
2019-08-16,201902,798695026.0,totalShare,sh600423
2019-08-16,201902,798695026.0,liqaShare,sh600423
2019-08-16,201902,-0.11687,dupontROE,sh600423
2019-08-16,201902,1.206608,dupontAssetStoEquity,sh600423
2019-08-16,201902,0.103427,dupontAssetTurn,sh600423
2019-08-16,201902,0.980804,dupontPnitoni,sh600423
2019-08-16,201902,-0.954819,dupontNitogr,sh600423
2019-08-16,201902,1.0,dupontTaxBurden,sh600423
2019-08-16,201902,0.103427,AssetTurnRatio,sh600423
2020-08-13,202002,-0.732147,YOYLiability,sh600423
2020-08-13,202002,0.187882,liabilityToAsset,sh600423
2020-08-13,202002,1.231348,assetToEquity,sh600423
2020-08-13,202002,-3.005154,CFOToOR,sh600423
2020-08-13,202002,,CFOToNP,sh600423
2020-08-13,202002,-3.005154,CFOToGr,sh600423
2020-08-13,202002,-0.807582,YOYEquity,sh600423
2020-08-13,202002,0.978167,YOYNI,sh600423
2020-08-13,202002,0.966667,YOYEPSBasic,sh600423
2020-08-13,202002,0.97774,YOYPNI,sh600423
2020-08-13,202002,-0.014272,roeAvg,sh600423
2020-08-13,202002,-0.123208,npMargin,sh600423
2020-08-13,202002,-5377594.91,netProfit,sh600423
2020-08-13,202002,-2.04184,epsTTM,sh600423
2020-08-13,202002,,MBRevenue,sh600423
2020-08-13,202002,798695026.0,totalShare,sh600423
2020-08-13,202002,798695026.0,liqaShare,sh600423
2020-08-13,202002,-0.014272,dupontROE,sh600423
2020-08-13,202002,1.398337,dupontAssetStoEquity,sh600423
2020-08-13,202002,0.082837,dupontAssetTurn,sh600423
2020-08-13,202002,1.0,dupontPnitoni,sh600423
2020-08-13,202002,-0.123208,dupontNitogr,sh600423
2020-08-13,202002,1.0,dupontTaxBurden,sh600423
2020-08-13,202002,0.082837,AssetTurnRatio,sh600423
2021-07-30,202102,-0.177162,YOYLiability,sh600423
2021-07-30,202102,0.146574,liabilityToAsset,sh600423
2021-07-30,202102,1.171748,assetToEquity,sh600423
2021-07-30,202102,0.388222,CFOToOR,sh600423
2021-07-30,202102,1.090678,CFOToNP,sh600423
2021-07-30,202102,0.388222,CFOToGr,sh600423
2021-07-30,202102,0.10838,YOYEquity,sh600423
2021-07-30,202102,4.961453,YOYNI,sh600423
2021-07-30,202102,4.0,YOYEPSBasic,sh600423
2021-07-30,202102,4.961453,YOYPNI,sh600423
2021-07-30,202102,0.052746,roeAvg,sh600423
2021-07-30,202102,0.355946,npMargin,sh600423
2021-07-30,202102,21303089.9,netProfit,sh600423
2021-07-30,202102,0.049327,epsTTM,sh600423
2021-07-30,202102,,MBRevenue,sh600423
2021-07-30,202102,798695026.0,totalShare,sh600423
2021-07-30,202102,798695026.0,liqaShare,sh600423
2021-07-30,202102,0.052746,dupontROE,sh600423
2021-07-30,202102,1.182846,dupontAssetStoEquity,sh600423
2021-07-30,202102,0.125279,dupontAssetTurn,sh600423
2021-07-30,202102,1.0,dupontPnitoni,sh600423
2021-07-30,202102,0.355946,dupontNitogr,sh600423
2021-07-30,202102,1.0,dupontTaxBurden,sh600423
2021-07-30,202102,0.125279,AssetTurnRatio,sh600423
2022-07-29,202202,-0.121313,YOYLiability,sh600423
2022-07-29,202202,0.126309,liabilityToAsset,sh600423
2022-07-29,202202,1.144569,assetToEquity,sh600423
2022-07-29,202202,0.145542,CFOToOR,sh600423
2022-07-29,202202,0.906475,CFOToNP,sh600423
2022-07-29,202202,0.145542,CFOToGr,sh600423
2022-07-29,202202,0.04388,YOYEquity,sh600423
2022-07-29,202202,-0.501377,YOYNI,sh600423
2022-07-29,202202,-0.518519,YOYEPSBasic,sh600423
2022-07-29,202202,-0.501377,YOYPNI,sh600423
2022-07-29,202202,0.024831,roeAvg,sh600423
2022-07-29,202202,0.160558,npMargin,sh600423
2022-07-29,202202,10622208.43,netProfit,sh600423
2022-07-29,202202,0.022705,epsTTM,sh600423
2022-07-29,202202,66157909.1,MBRevenue,sh600423
2022-07-29,202202,798695026.0,totalShare,sh600423
2022-07-29,202202,798695026.0,liqaShare,sh600423
2022-07-29,202202,0.024831,dupontROE,sh600423
2022-07-29,202202,1.146392,dupontAssetStoEquity,sh600423
2022-07-29,202202,0.134905,dupontAssetTurn,sh600423
2022-07-29,202202,1.0,dupontPnitoni,sh600423
2022-07-29,202202,0.160558,dupontNitogr,sh600423
2022-07-29,202202,1.0,dupontTaxBurden,sh600423
2022-07-29,202202,0.134905,AssetTurnRatio,sh600423
2014-10-29,201403,0.555041,YOYLiability,sh600423
2014-10-29,201403,0.766154,liabilityToAsset,sh600423
2014-10-29,201403,4.276309,assetToEquity,sh600423
2014-10-29,201403,0.19493,CFOToOR,sh600423
2014-10-29,201403,,CFOToNP,sh600423
2014-10-29,201403,0.19493,CFOToGr,sh600423
2014-10-29,201403,-0.104615,YOYEquity,sh600423
2014-10-29,201403,0.720465,YOYNI,sh600423
2014-10-29,201403,0.75,YOYEPSBasic,sh600423
2014-10-29,201403,0.698576,YOYPNI,sh600423
2014-10-29,201403,-0.007112,roeAvg,sh600423
2014-10-29,201403,-0.003993,npMargin,sh600423
2014-10-29,201403,-9296999.33,netProfit,sh600423
2014-10-29,201403,-0.318753,epsTTM,sh600423
2014-10-29,201403,,MBRevenue,sh600423
2014-10-29,201403,399347513.0,totalShare,sh600423
2014-10-29,201403,399347513.0,liqaShare,sh600423
2014-10-29,201403,-0.007112,dupontROE,sh600423
2014-10-29,201403,3.742795,dupontAssetStoEquity,sh600423
2014-10-29,201403,0.475896,dupontAssetTurn,sh600423
2014-10-29,201403,1.0,dupontPnitoni,sh600423
2014-10-29,201403,-0.003993,dupontNitogr,sh600423
2014-10-29,201403,1.967678,dupontTaxBurden,sh600423
2014-10-29,201403,0.475896,AssetTurnRatio,sh600423
2015-10-31,201503,-0.069042,YOYLiability,sh600423
2015-10-31,201503,0.781023,liabilityToAsset,sh600423
2015-10-31,201503,4.566697,assetToEquity,sh600423
2015-10-31,201503,-0.04888,CFOToOR,sh600423
2015-10-31,201503,,CFOToNP,sh600423
2015-10-31,201503,-0.04888,CFOToGr,sh600423
2015-10-31,201503,-0.144837,YOYEquity,sh600423
2015-10-31,201503,-19.245092,YOYNI,sh600423
2015-10-31,201503,-22.5,YOYEPSBasic,sh600423
2015-10-31,201503,-19.245092,YOYPNI,sh600423
2015-10-31,201503,-0.156912,roeAvg,sh600423
2015-10-31,201503,-0.094008,npMargin,sh600423
2015-10-31,201503,-188218611.21,netProfit,sh600423
2015-10-31,201503,-0.42602,epsTTM,sh600423
2015-10-31,201503,,MBRevenue,sh600423
2015-10-31,201503,399347513.0,totalShare,sh600423
2015-10-31,201503,399347513.0,liqaShare,sh600423
2015-10-31,201503,-0.156912,dupontROE,sh600423
2015-10-31,201503,4.311026,dupontAssetStoEquity,sh600423
2015-10-31,201503,0.387178,dupontAssetTurn,sh600423
2015-10-31,201503,1.0,dupontPnitoni,sh600423
2015-10-31,201503,-0.094008,dupontNitogr,sh600423
2015-10-31,201503,0.981656,dupontTaxBurden,sh600423
2015-10-31,201503,0.387178,AssetTurnRatio,sh600423
2016-10-29,201603,-0.014849,YOYLiability,sh600423
2016-10-29,201603,0.914788,liabilityToAsset,sh600423
2016-10-29,201603,11.73544,assetToEquity,sh600423
2016-10-29,201603,0.104412,CFOToOR,sh600423
2016-10-29,201603,,CFOToNP,sh600423
2016-10-29,201603,0.104412,CFOToGr,sh600423
2016-10-29,201603,-0.672698,YOYEquity,sh600423
2016-10-29,201603,-0.542321,YOYNI,sh600423
2016-10-29,201603,-0.542857,YOYEPSBasic,sh600423
2016-10-29,201603,-0.542321,YOYPNI,sh600423
2016-10-29,201603,-0.753401,roeAvg,sh600423
2016-10-29,201603,-0.265016,npMargin,sh600423
2016-10-29,201603,-431683733.21,netProfit,sh600423
2016-10-29,201603,-1.595963,epsTTM,sh600423
2016-10-29,201603,,MBRevenue,sh600423
2016-10-29,201603,399347513.0,totalShare,sh600423
2016-10-29,201603,399347513.0,liqaShare,sh600423
2016-10-29,201603,-0.753401,dupontROE,sh600423
2016-10-29,201603,7.853464,dupontAssetStoEquity,sh600423
2016-10-29,201603,0.361986,dupontAssetTurn,sh600423
2016-10-29,201603,1.0,dupontPnitoni,sh600423
2016-10-29,201603,-0.265016,dupontNitogr,sh600423
2016-10-29,201603,1.005363,dupontTaxBurden,sh600423
2016-10-29,201603,0.361986,AssetTurnRatio,sh600423
2017-10-28,201703,-0.084967,YOYLiability,sh600423
2017-10-28,201703,1.060169,liabilityToAsset,sh600423
2017-10-28,201703,,assetToEquity,sh600423
2017-10-28,201703,0.127571,CFOToOR,sh600423
2017-10-28,201703,,CFOToNP,sh600423
2017-10-28,201703,0.127571,CFOToGr,sh600423
2017-10-28,201703,-1.557508,YOYEquity,sh600423
2017-10-28,201703,0.585351,YOYNI,sh600423
2017-10-28,201703,0.583333,YOYEPSBasic,sh600423
2017-10-28,201703,0.585351,YOYPNI,sh600423
2017-10-28,201703,,roeAvg,sh600423
2017-10-28,201703,-0.137473,npMargin,sh600423
2017-10-28,201703,-178997395.29,netProfit,sh600423
2017-10-28,201703,-1.411186,epsTTM,sh600423
2017-10-28,201703,,MBRevenue,sh600423
2017-10-28,201703,399347513.0,totalShare,sh600423
2017-10-28,201703,399347513.0,liqaShare,sh600423
2017-10-28,201703,,dupontROE,sh600423
2017-10-28,201703,,dupontAssetStoEquity,sh600423
2017-10-28,201703,0.370728,dupontAssetTurn,sh600423
2017-10-28,201703,1.0,dupontPnitoni,sh600423
2017-10-28,201703,-0.137473,dupontNitogr,sh600423
2017-10-28,201703,1.0,dupontTaxBurden,sh600423
2017-10-28,201703,0.370728,AssetTurnRatio,sh600423
2018-10-30,201803,-0.218524,YOYLiability,sh600423
2018-10-30,201803,0.953874,liabilityToAsset,sh600423
2018-10-30,201803,21.679824,assetToEquity,sh600423
2018-10-30,201803,0.083954,CFOToOR,sh600423
2018-10-30,201803,,CFOToNP,sh600423
2018-10-30,201803,0.083954,CFOToGr,sh600423
2018-10-30,201803,1.697616,YOYEquity,sh600423
2018-10-30,201803,0.519766,YOYNI,sh600423
2018-10-30,201803,0.533333,YOYEPSBasic,sh600423
2018-10-30,201803,0.529996,YOYPNI,sh600423
2018-10-30,201803,-0.94419,roeAvg,sh600423
2018-10-30,201803,-0.058504,npMargin,sh600423
2018-10-30,201803,-85960621.4,netProfit,sh600423
2018-10-30,201803,0.391688,epsTTM,sh600423
2018-10-30,201803,,MBRevenue,sh600423
2018-10-30,201803,399347513.0,totalShare,sh600423
2018-10-30,201803,399347513.0,liqaShare,sh600423
2018-10-30,201803,-0.94419,dupontROE,sh600423
2018-10-30,201803,34.18402,dupontAssetStoEquity,sh600423
2018-10-30,201803,0.482394,dupontAssetTurn,sh600423
2018-10-30,201803,0.978698,dupontPnitoni,sh600423
2018-10-30,201803,-0.058504,dupontNitogr,sh600423
2018-10-30,201803,1.0,dupontTaxBurden,sh600423
2018-10-30,201803,0.482394,AssetTurnRatio,sh600423
2019-10-19,201903,-0.862529,YOYLiability,sh600423
2019-10-19,201903,0.184039,liabilityToAsset,sh600423
2019-10-19,201903,1.225549,assetToEquity,sh600423
2019-10-19,201903,-0.915902,CFOToOR,sh600423
2019-10-19,201903,,CFOToNP,sh600423
2019-10-19,201903,-0.915902,CFOToGr,sh600423
2019-10-19,201903,11.207375,YOYEquity,sh600423
2019-10-19,201903,-4.703186,YOYNI,sh600423
2019-10-19,201903,-1.904762,YOYEPSBasic,sh600423
2019-10-19,201903,-4.746026,YOYPNI,sh600423
2019-10-19,201903,-0.248359,roeAvg,sh600423
2019-10-19,201903,-1.739649,npMargin,sh600423
2019-10-19,201903,-490249443.68,netProfit,sh600423
2019-10-19,201903,-0.01124,epsTTM,sh600423
2019-10-19,201903,,MBRevenue,sh600423
2019-10-19,201903,798695026.0,totalShare,sh600423
2019-10-19,201903,798695026.0,liqaShare,sh600423
2019-10-19,201903,-0.248359,dupontROE,sh600423
2019-10-19,201903,1.233117,dupontAssetStoEquity,sh600423
2019-10-19,201903,0.117413,dupontAssetTurn,sh600423
2019-10-19,201903,0.986049,dupontPnitoni,sh600423
2019-10-19,201903,-1.739649,dupontNitogr,sh600423
2019-10-19,201903,1.0,dupontTaxBurden,sh600423
2019-10-19,201903,0.117413,AssetTurnRatio,sh600423
2020-10-28,202003,-0.780343,YOYLiability,sh600423
2020-10-28,202003,0.180248,liabilityToAsset,sh600423
2020-10-28,202003,1.219881,assetToEquity,sh600423
2020-10-28,202003,-2.09051,CFOToOR,sh600423
2020-10-28,202003,,CFOToNP,sh600423
2020-10-28,202003,-2.09051,CFOToGr,sh600423
2020-10-28,202003,-0.777949,YOYEquity,sh600423
2020-10-28,202003,0.996745,YOYNI,sh600423
2020-10-28,202003,,YOYEPSBasic,sh600423
2020-10-28,202003,0.996699,YOYPNI,sh600423
2020-10-28,202003,-0.004212,roeAvg,sh600423
2020-10-28,202003,-0.023665,npMargin,sh600423
2020-10-28,202003,-1595772.53,netProfit,sh600423
2020-10-28,202003,-1.734322,epsTTM,sh600423
2020-10-28,202003,,MBRevenue,sh600423
2020-10-28,202003,798695026.0,totalShare,sh600423
2020-10-28,202003,798695026.0,liqaShare,sh600423
2020-10-28,202003,-0.004212,dupontROE,sh600423
2020-10-28,202003,1.391718,dupontAssetStoEquity,sh600423
2020-10-28,202003,0.127903,dupontAssetTurn,sh600423
2020-10-28,202003,1.0,dupontPnitoni,sh600423
2020-10-28,202003,-0.023665,dupontNitogr,sh600423
2020-10-28,202003,1.0,dupontTaxBurden,sh600423
2020-10-28,202003,0.127903,AssetTurnRatio,sh600423
2021-10-23,202103,-0.139957,YOYLiability,sh600423
2021-10-23,202103,0.145869,liabilityToAsset,sh600423
2021-10-23,202103,1.17078,assetToEquity,sh600423
2021-10-23,202103,0.073006,CFOToOR,sh600423
2021-10-23,202103,0.260677,CFOToNP,sh600423
2021-10-23,202103,0.073006,CFOToGr,sh600423
2021-10-23,202103,0.107313,YOYEquity,sh600423
2021-10-23,202103,16.856903,YOYNI,sh600423
2021-10-23,202103,,YOYEPSBasic,sh600423
2021-10-23,202103,16.856903,YOYPNI,sh600423
2021-10-23,202103,0.062337,roeAvg,sh600423
2021-10-23,202103,0.280061,npMargin,sh600423
2021-10-23,202103,25304010.75,netProfit,sh600423
2021-10-23,202103,0.049601,epsTTM,sh600423
2021-10-23,202103,,MBRevenue,sh600423
2021-10-23,202103,798695026.0,totalShare,sh600423
2021-10-23,202103,798695026.0,liqaShare,sh600423
2021-10-23,202103,0.062337,dupontROE,sh600423
2021-10-23,202103,1.182291,dupontAssetStoEquity,sh600423
2021-10-23,202103,0.188264,dupontAssetTurn,sh600423
2021-10-23,202103,1.0,dupontPnitoni,sh600423
2021-10-23,202103,0.280061,dupontNitogr,sh600423
2021-10-23,202103,1.0,dupontTaxBurden,sh600423
2021-10-23,202103,0.188264,AssetTurnRatio,sh600423
2022-10-29,202203,0.091882,YOYLiability,sh600423
2022-10-29,202203,0.153848,liabilityToAsset,sh600423
2022-10-29,202203,1.18182,assetToEquity,sh600423
2022-10-29,202203,0.139434,CFOToOR,sh600423
2022-10-29,202203,1.920788,CFOToNP,sh600423
2022-10-29,202203,0.139434,CFOToGr,sh600423
2022-10-29,202203,0.025583,YOYEquity,sh600423
2022-10-29,202203,-0.697265,YOYNI,sh600423
2022-10-29,202203,-0.6875,YOYEPSBasic,sh600423
2022-10-29,202203,-0.697265,YOYPNI,sh600423
2022-10-29,202203,0.017979,roeAvg,sh600423
2022-10-29,202203,0.072592,npMargin,sh600423
2022-10-29,202203,7660398.56,netProfit,sh600423
2022-10-29,202203,0.013987,epsTTM,sh600423
2022-10-29,202203,,MBRevenue,sh600423
2022-10-29,202203,798695026.0,totalShare,sh600423
2022-10-29,202203,798695026.0,liqaShare,sh600423
2022-10-29,202203,0.017979,dupontROE,sh600423
2022-10-29,202203,1.16518,dupontAssetStoEquity,sh600423
2022-10-29,202203,0.212557,dupontAssetTurn,sh600423
2022-10-29,202203,1.0,dupontPnitoni,sh600423
2022-10-29,202203,0.072592,dupontNitogr,sh600423
2022-10-29,202203,1.0,dupontTaxBurden,sh600423
2022-10-29,202203,0.212557,AssetTurnRatio,sh600423
2015-03-06,201404,0.114872,YOYLiability,sh600423
2015-03-06,201404,0.755849,liabilityToAsset,sh600423
2015-03-06,201404,4.095825,assetToEquity,sh600423
2015-03-06,201404,0.157225,CFOToOR,sh600423
2015-03-06,201404,56.62084,CFOToNP,sh600423
2015-03-06,201404,0.157225,CFOToGr,sh600423
2015-03-06,201404,-0.174273,YOYEquity,sh600423
2015-03-06,201404,1.065548,YOYNI,sh600423
2015-03-06,201404,1.0625,YOYEPSBasic,sh600423
2015-03-06,201404,1.068859,YOYPNI,sh600423
2015-03-06,201404,0.006673,roeAvg,sh600423
2015-03-06,201404,0.002777,npMargin,sh600423
2015-03-06,201404,8608455.71,netProfit,sh600423
2015-03-06,201404,0.022015,epsTTM,sh600423
2015-03-06,201404,3049993655.33,MBRevenue,sh600423
2015-03-06,201404,399347513.0,totalShare,sh600423
2015-03-06,201404,399347513.0,liqaShare,sh600423
2015-03-06,201404,0.006673,dupontROE,sh600423
2015-03-06,201404,3.65772,dupontAssetStoEquity,sh600423
2015-03-06,201404,0.64332,dupontAssetTurn,sh600423
2015-03-06,201404,1.021285,dupontPnitoni,sh600423
2015-03-06,201404,0.002777,dupontNitogr,sh600423
2015-03-06,201404,0.476947,dupontTaxBurden,sh600423
2015-03-06,201404,0.64332,AssetTurnRatio,sh600423
2016-04-30,201504,-0.00778,YOYLiability,sh600423
2016-04-30,201504,0.835623,liabilityToAsset,sh600423
2016-04-30,201504,6.083561,assetToEquity,sh600423
2016-04-30,201504,0.030648,CFOToOR,sh600423
2016-04-30,201504,,CFOToNP,sh600423
2016-04-30,201504,0.030648,CFOToGr,sh600423
2016-04-30,201504,-0.395751,YOYEquity,sh600423
2016-04-30,201504,-57.404124,YOYNI,sh600423
2016-04-30,201504,-62.0,YOYEPSBasic,sh600423
2016-04-30,201504,-56.228563,YOYPNI,sh600423
2016-04-30,201504,-0.464709,roeAvg,sh600423
2016-04-30,201504,-0.184665,npMargin,sh600423
2016-04-30,201504,-485552403.42,netProfit,sh600423
2016-04-30,201504,-1.215864,epsTTM,sh600423
2016-04-30,201504,2613997454.64,MBRevenue,sh600423
2016-04-30,201504,399347513.0,totalShare,sh600423
2016-04-30,201504,399347513.0,liqaShare,sh600423
2016-04-30,201504,-0.464709,dupontROE,sh600423
2016-04-30,201504,4.844517,dupontAssetStoEquity,sh600423
2016-04-30,201504,0.519452,dupontAssetTurn,sh600423
2016-04-30,201504,1.0,dupontPnitoni,sh600423
2016-04-30,201504,-0.184665,dupontNitogr,sh600423
2016-04-30,201504,0.982553,dupontTaxBurden,sh600423
2016-04-30,201504,0.519452,AssetTurnRatio,sh600423
2017-04-29,201604,-0.069373,YOYLiability,sh600423
2017-04-29,201604,1.006625,liabilityToAsset,sh600423
2017-04-29,201604,,assetToEquity,sh600423
2017-04-29,201604,0.012884,CFOToOR,sh600423
2017-04-29,201604,,CFOToNP,sh600423
2017-04-29,201604,0.012884,CFOToGr,sh600423
2017-04-29,201604,-1.031138,YOYEquity,sh600423
2017-04-29,201604,-0.681054,YOYNI,sh600423
2017-04-29,201604,-0.672131,YOYEPSBasic,sh600423
2017-04-29,201604,-0.681054,YOYPNI,sh600423
2017-04-29,201604,-2.140701,roeAvg,sh600423
2017-04-29,201604,-0.393102,npMargin,sh600423
2017-04-29,201604,-816239772.17,netProfit,sh600423
2017-04-29,201604,-2.043934,epsTTM,sh600423
2017-04-29,201604,2036979051.83,MBRevenue,sh600423
2017-04-29,201604,399347513.0,totalShare,sh600423
2017-04-29,201604,399347513.0,liqaShare,sh600423
2017-04-29,201604,-2.140701,dupontROE,sh600423
2017-04-29,201604,11.129886,dupontAssetStoEquity,sh600423
2017-04-29,201604,0.489283,dupontAssetTurn,sh600423
2017-04-29,201604,1.0,dupontPnitoni,sh600423
2017-04-29,201604,-0.393102,dupontNitogr,sh600423
2017-04-29,201604,1.020928,dupontTaxBurden,sh600423
2017-04-29,201604,0.489283,AssetTurnRatio,sh600423
2018-02-10,201704,-0.150024,YOYLiability,sh600423
2018-02-10,201704,0.987941,liabilityToAsset,sh600423
2018-02-10,201704,82.923747,assetToEquity,sh600423
2018-02-10,201704,0.153874,CFOToOR,sh600423
2018-02-10,201704,4.575037,CFOToNP,sh600423
2018-02-10,201704,0.153874,CFOToGr,sh600423
2018-02-10,201704,2.576341,YOYEquity,sh600423
2018-02-10,201704,1.075409,YOYNI,sh600423
2018-02-10,201704,1.073529,YOYEPSBasic,sh600423
2018-02-10,201704,1.075409,YOYPNI,sh600423
2018-02-10,201704,8.715032,roeAvg,sh600423
2018-02-10,201704,0.033633,npMargin,sh600423
2018-02-10,201704,61551527.52,netProfit,sh600423
2018-02-10,201704,0.15413,epsTTM,sh600423
2018-02-10,201704,1798552676.64,MBRevenue,sh600423
2018-02-10,201704,399347513.0,totalShare,sh600423
2018-02-10,201704,399347513.0,liqaShare,sh600423
2018-02-10,201704,8.715032,dupontROE,sh600423
2018-02-10,201704,488.685463,dupontAssetStoEquity,sh600423
2018-02-10,201704,0.530236,dupontAssetTurn,sh600423
2018-02-10,201704,1.0,dupontPnitoni,sh600423
2018-02-10,201704,0.033633,dupontNitogr,sh600423
2018-02-10,201704,1.0,dupontTaxBurden,sh600423
2018-02-10,201704,0.530236,AssetTurnRatio,sh600423
2019-03-19,201804,-0.819476,YOYLiability,sh600423
2019-03-19,201804,0.208335,liabilityToAsset,sh600423
2019-03-19,201804,1.263161,assetToEquity,sh600423
2019-03-19,201804,0.012029,CFOToOR,sh600423
2019-03-19,201804,0.064307,CFOToNP,sh600423
2019-03-19,201804,0.012029,CFOToGr,sh600423
2019-03-19,201804,55.66084,YOYEquity,sh600423
2019-03-19,201804,5.103855,YOYNI,sh600423
2019-03-19,201804,5.0,YOYEPSBasic,sh600423
2019-03-19,201804,5.341078,YOYPNI,sh600423
2019-03-19,201804,0.350413,roeAvg,sh600423
2019-03-19,201804,0.187055,npMargin,sh600423
2019-03-19,201804,375701619.71,netProfit,sh600423
2019-03-19,201804,0.488676,epsTTM,sh600423
2019-03-19,201804,1988670902.82,MBRevenue,sh600423
2019-03-19,201804,798695026.0,totalShare,sh600423
2019-03-19,201804,798695026.0,liqaShare,sh600423
2019-03-19,201804,0.350413,dupontROE,sh600423
2019-03-19,201804,2.669247,dupontAssetStoEquity,sh600423
2019-03-19,201804,0.675558,dupontAssetTurn,sh600423
2019-03-19,201804,1.038864,dupontPnitoni,sh600423
2019-03-19,201804,0.187055,dupontNitogr,sh600423
2019-03-19,201804,0.780211,dupontTaxBurden,sh600423
2019-03-19,201804,0.675558,AssetTurnRatio,sh600423
2020-04-30,201904,-0.626159,YOYLiability,sh600423
2020-04-30,201904,0.360246,liabilityToAsset,sh600423
2020-04-30,201904,1.563102,assetToEquity,sh600423
2020-04-30,201904,-0.733602,CFOToOR,sh600423
2020-04-30,201904,,CFOToNP,sh600423
2020-04-30,201904,-0.733602,CFOToGr,sh600423
2020-04-30,201904,-0.826715,YOYEquity,sh600423
2020-04-30,201904,-5.993986,YOYNI,sh600423
2020-04-30,201904,-3.6,YOYEPSBasic,sh600423
2020-04-30,201904,-5.783485,YOYPNI,sh600423
2020-04-30,201904,-1.453849,roeAvg,sh600423
2020-04-30,201904,-5.017247,npMargin,sh600423
2020-04-30,201904,-1876248561.26,netProfit,sh600423
2020-04-30,201904,-2.337574,epsTTM,sh600423
2020-04-30,201904,368707522.41,MBRevenue,sh600423
2020-04-30,201904,798695026.0,totalShare,sh600423
2020-04-30,201904,798695026.0,liqaShare,sh600423
2020-04-30,201904,-1.453849,dupontROE,sh600423
2020-04-30,201904,1.298668,dupontAssetStoEquity,sh600423
2020-04-30,201904,0.224233,dupontAssetTurn,sh600423
2020-04-30,201904,0.995075,dupontPnitoni,sh600423
2020-04-30,201904,-5.017247,dupontNitogr,sh600423
2020-04-30,201904,0.95193,dupontTaxBurden,sh600423
2020-04-30,201904,0.224233,AssetTurnRatio,sh600423
2021-04-16,202004,-0.642097,YOYLiability,sh600423
2021-04-16,202004,0.162874,liabilityToAsset,sh600423
2021-04-16,202004,1.194563,assetToEquity,sh600423
2021-04-16,202004,-1.216467,CFOToOR,sh600423
2021-04-16,202004,-10.247296,CFOToNP,sh600423
2021-04-16,202004,-1.216467,CFOToGr,sh600423
2021-04-16,202004,0.035837,YOYEquity,sh600423
2021-04-16,202004,1.006778,YOYNI,sh600423
2021-04-16,202004,1.008547,YOYEPSBasic,sh600423
2021-04-16,202004,1.006811,YOYPNI,sh600423
2021-04-16,202004,0.032933,roeAvg,sh600423
2021-04-16,202004,0.118711,npMargin,sh600423
2021-04-16,202004,12716412.44,netProfit,sh600423
2021-04-16,202004,0.015921,epsTTM,sh600423
2021-04-16,202004,106955396.26,MBRevenue,sh600423
2021-04-16,202004,798695026.0,totalShare,sh600423
2021-04-16,202004,798695026.0,liqaShare,sh600423
2021-04-16,202004,0.032933,dupontROE,sh600423
2021-04-16,202004,1.375589,dupontAssetStoEquity,sh600423
2021-04-16,202004,0.201677,dupontAssetTurn,sh600423
2021-04-16,202004,1.0,dupontPnitoni,sh600423
2021-04-16,202004,0.118711,dupontNitogr,sh600423
2021-04-16,202004,1.0,dupontTaxBurden,sh600423
2021-04-16,202004,0.201677,AssetTurnRatio,sh600423
2022-02-26,202104,-0.180587,YOYLiability,sh600423
2022-02-26,202104,0.129117,liabilityToAsset,sh600423
2022-02-26,202104,1.14826,assetToEquity,sh600423
2022-02-26,202104,0.047575,CFOToOR,sh600423
2022-02-26,202104,0.210164,CFOToNP,sh600423
2022-02-26,202104,0.047575,CFOToGr,sh600423
2022-02-26,202104,0.075325,YOYEquity,sh600423
2022-02-26,202104,1.26596,YOYNI,sh600423
2022-02-26,202104,1.0,YOYEPSBasic,sh600423
2022-02-26,202104,1.26596,YOYPNI,sh600423
2022-02-26,202104,0.070673,roeAvg,sh600423
2022-02-26,202104,0.226372,npMargin,sh600423
2022-02-26,202104,28814887.69,netProfit,sh600423
2022-02-26,202104,0.036077,epsTTM,sh600423
2022-02-26,202104,122591387.48,MBRevenue,sh600423
2022-02-26,202104,798695026.0,totalShare,sh600423
2022-02-26,202104,798695026.0,liqaShare,sh600423
2022-02-26,202104,0.070673,dupontROE,sh600423
2022-02-26,202104,1.170571,dupontAssetStoEquity,sh600423
2022-02-26,202104,0.266707,dupontAssetTurn,sh600423
2022-02-26,202104,1.0,dupontPnitoni,sh600423
2022-02-26,202104,0.226372,dupontNitogr,sh600423
2022-02-26,202104,1.0,dupontTaxBurden,sh600423
2022-02-26,202104,0.266707,AssetTurnRatio,sh600423
2023-03-16,202204,0.218201,YOYLiability,sh600423
2023-03-16,202204,0.148714,liabilityToAsset,sh600423
2023-03-16,202204,1.174693,assetToEquity,sh600423
2023-03-16,202204,0.174059,CFOToOR,sh600423
2023-03-16,202204,1.541894,CFOToNP,sh600423
2023-03-16,202204,0.174059,CFOToGr,sh600423
2023-03-16,202204,0.033873,YOYEquity,sh600423
2023-03-16,202204,-0.449718,YOYNI,sh600423
2023-03-16,202204,-0.5,YOYEPSBasic,sh600423
2023-03-16,202204,-0.449718,YOYPNI,sh600423
2023-03-16,202204,0.036903,roeAvg,sh600423
2023-03-16,202204,0.112886,npMargin,sh600423
2023-03-16,202204,15856323.12,netProfit,sh600423
2023-03-16,202204,0.019853,epsTTM,sh600423
2023-03-16,202204,139809510.89,MBRevenue,sh600423
2023-03-16,202204,798695026.0,totalShare,sh600423
2023-03-16,202204,798695026.0,liqaShare,sh600423
2023-03-16,202204,0.036903,dupontROE,sh600423
2023-03-16,202204,1.161697,dupontAssetStoEquity,sh600423
2023-03-16,202204,0.281403,dupontAssetTurn,sh600423
2023-03-16,202204,1.0,dupontPnitoni,sh600423
2023-03-16,202204,0.112886,dupontNitogr,sh600423
2023-03-16,202204,1.0,dupontTaxBurden,sh600423
2023-03-16,202204,0.281403,AssetTurnRatio,sh600423
